raw_features = {
  let features = {
    "0_0": [
      [1995],
      [2005],
      [1995, 2005]
    ],
    "0_1": [
      [2008, 2010],
      [1990, 1992],
      [2004]
    ]
    "0_2": [
        [2007, 2010],
        [1979],
        [1960, 2007]
    ],
    "1_0": [
        [1970],
        [2020],
        [1970, 2020]
    ],
    "1_1": [
        [1972],
        [1970, 1972],
        [1972, 2010]
    ],
    "1_2": [
        [2008, 2010],
        [2008],
        [1980, 2008]
    ],
    "2_0": [
        [1990],
        [1990, 2020],
        [2020]
    ],
    "2_1": [
        [1972],
        [1970, 1972],
        [1972, 2010]
    ],
    "2_2": [
        [2019, 6, 1)), 2020],
        [2010, 2019, 6, 1))],
        [2010]
    ],
    "3_0": [
        [2020],
        [2000],
        [2000, 2020]
    ],
    "3_1": [
        [2017],
        [1960, 1990],
        [1990, 2017]
    ],
    "3_2": [
        [1983],
        [2020],
        [1993, 2020]
    ],
    "4_0": [
        [1990],
        [1990, 2010],
        [1970, 1990]
    ],
    "4_1": [
        [1960, 1964],
        [1964, 1990],
        [1990, 2020]
    ],
    "4_2": [
        [1985],
        [2007, 2010],
        [1985, 2007]
    ],
    "5_0": [
        [2000],
        [1990, 2000],
        [2000, 2010]
    ],
    "5_1": [
        [1998],
        [1996, 1998],
        [2005, 2020]
    ],
    "5_2": [
        [2005],
        [2005, 2008],
        [2008, 2020]
    ],
    "6_0": [
        [2005],
        [1990, 2005],
        [2005, 2020]
    ],
    "6_1": [
        [2000],
        [1992],
        [1990, 1992]
    ],
    "6_2": [
        [2018, 2020],
        [2018],
        [2000]
    ],
    "7_0": [
        [2010],
        [2000, 2010],
        [2010, 2020]
    ],
    "7_1": [
        [2004, 2005],
        [2005, 2007],
        [2010, 2020]
    ],
    "7_2": [
        [2008, 2010],
        [1995, 2008],
        [1980, 1995]
    ],
    "8_0": [
        [1990],
        [1971],
        [1990, 2010]
    ],
    "8_1": [
        [2006],
        [2004, 2006],
        [2000]
    ],
    "8_2": [
        [1983],
        [2000],
        [1983, 2000]
    ]
  };
  return features;
}